35184506306560
-35184506306561
5
3
35253091565568
-35253091565569
4
2
35253091565568
-35253091565569
4
2
35253091565568
-35253091565569
5
3
8796227239936
-8796227239937
3
3
8796227239936
-8796227239937
5
3
8796227239936
-8796227239937
5
3
8830452760576
-8830452760577
4
2
8830452760576
-8830452760577
5
3
8830452760576
-8830452760577
6
5
8830452760576
-8830452760577
6
7
8830452760576
-8830452760577
4
2
8830452760576
-8830452760577
5
3
8830452760576
-8830452760577
6
3
8830452760576
-8830452760577
6
5
134217728
-134217729
3
5
671088640
-671088641
3
3
